458
567
619
1020
692
327
226
531
581
887
635
1142
216
764
247
765
892
808
19
37
299
168
428
1041
651
571
961
150
107
466
115
235
452
83
913
196
504
36
607
780
371
784
736
270
361
1160
1106
643
162
550
1020
751
1181
583
83
788
817
596
947
905
504
1159
872
465
380
581
26
189
653
859
801
1101
1192
680
357
115
688
733
867
461
729
939
262
141
1126
242
45
773
77
107
465
938
1022
1025
844
803
1192
417
747
130
474
374
184
1077
52
780
173
692
306
847
554
995
736
530
201
922
871
529
393
318
464
1060
126
442
885
238
523
391
784
291
206
252
991
1013
201
481
917
751
869
715
256
1067
661
491
507
466
732
705
171
16
707
412
226
1196
497
421
172
1093
511
1069
498
230
1197
190
1101
233
168
259
787
244
48
719
769
517
342
939
489
624
63
146
692
1198
187
133
984
68
1073
23
835
698
154
115
850
478
122
355
77
1024
287
973
306
44
1162
334
1088
685
921
1067
474
787
311
869
358
1142
1040
42
101
897
319
349
758
14
1018
1148
511
834
885
601
1057
1138
366
384
871
335
686
68
314
361
556
780
751
1120
349
1181
528
894
424
149
611
438
420
810
1060
984
623
661
492
193
68
466
888
944
227
1155
548
685
673
1052
300
1020
853
375
68
517
47
1027
641
50
683
662
200
494
994
88
426
598
790
651
882
623
294
731
150
499
189
831
520
514
229
404
1078
866
453
50
975
861
720
1143
853
1092
107
297
28
468
401
198
1196
1186
754
539
84
788
403
1095
367
557
608
747
969
341
499
767
1190
807
1097
85
969
104
643
295
1188
620
677
302
809
931
929
1200
371
329
354
41
376
840
775
280
260
115
1029
1004
1059
940
1065
90
989
611
1117
203
265
208
1126
591
319
767
665
558
729
125
314
1066
326
1025
838
54
479
1055
454
599
699
902
544
85
500
340
839
87
848
102
157
91
656
75
194
405
150
210
226
155
160
60
1054
252
208
599
162
905
389
391
733
297
46
784
866
721
427
1144
1014
656
248
241
268
486
1092
532
329
1124
172
1178
977
308
1024
739
1060
431
926
945
630
16
180
1183
300
457
516
393
1134
315
1185
537
290
244
72
57
602
814
572
551
1086
771
483
24
1029
759
844
222
935
165
107
297
144
123
713
154
1039
785
306
641
73
205
154
507
194
232
497
1172
288
123
103
444
741
54
167
1130
880
755
544
793
644
191
443
681
240
1053
717
521
982
1111
599
665
878
363
199
1199
145
931
803
944
38
913
273
1117
573
935
553
161
691
837
97
870
1150
473
1187
753
439
1100
55
134
1179
883
334
848
321
339
697
1013
710
249
143
1069
394
1064
808
653
155
106
854
666
391
177
101
596
708
538
920
1111
386
924
839
148
895
139
127
376
1096
334
1158
316
118
154
146
573
508
1177
1106
453
964
982
528
535
186
431
825
1183
361
959
367
1020
529
36
1178
689
1192
819
259
992
1140
45
411
85
550
922
982
195
702
1093
465
521
1003
799
583
814
475
448
430
562
843
642
588
867
214
244
320
67
566
913
477
273
866
665
1194
658
692
622
356
942
439
652
801
667
287
826
307
1013
79
1040
907
1167
1013
631
1153
705
406
971
129
168
746
929
977
465
739
371
815
603
1099
505
259
1016
378
124
55
226
746
658
980
313
1004
151
440
300
612
129
336
658
86
320
741
508
656
521
108
664
993
260
213
1104
586
832
330
1140
1020
697
493
997
544
357
216
126
1137
625
261
248
379
635
168
295
1114
1136
63
110
1062
107
736
1054
35
779
898
212
1089
662
834
365
704
818
285
186
47
853
628
157
530
1125
971
544
1081
499
566
125
499
421
633
264
1038
852
691
345
982
1113
39
68
1172
1197
411
1157
947
772
539
898
130
576
1011
554
135
927
493
152
939
1190
662
823
784
1191
237
801
1132
174
670
198
429
360
424
687
541
197
360
699
459
598
149
1171
629
1110
1179
633
223
936
490
689
786
477
203
300
165
456
1041
1159
578
748
476
1021
549
224
428
90
336
1190
906
718
489
883
133
859
289
345
1125
536
218
962
877
1193
471
873
793
313
688
112
185
513
747
845
851
976
423
12
986
467
842
543
220
1004
105
182
786
535
932
568
819
817
223
1116
