1
0.0
-0.9807852804032305
0.38268343236508934
0.8314696123025467
-0.7071067811865468
-0.5555702330196017
0.9238795325112849
0.1950903220161317
-1.0
0.19509032201612786
0.9238795325112863
-0.5555702330196044
-0.7071067811865546
0.8314696123025405
0.3826834323650962
-0.9807852804032294
-3.92258364109106e-15
0.9807852804032309
-0.382683432365089
-0.8314696123025449
0.7071067811865491
0.5555702330195991
-0.9238795325112887
-0.19509032201612161
1.0
-0.19509032201611007
-0.9238795325112933
0.5555702330195893
0.7071067811865573
-0.8314696123025384
-0.38268343236509983
0.9807852804032287
7.84516728218212e-15
-0.9807852804032317
0.38268343236508534
0.831469612302547
-0.7071067811865464
-0.5555702330196024
0.9238795325112873
0.19509032201612544
-1.0
0.19509032201613408
0.9238795325112839
-0.5555702330196097
-0.7071067811865401
0.8314696123025519
0.38268343236507724
-0.9807852804032334
-4.018946035367719e-14
0.980785280403238
-0.3826834323650555
-0.831469612302565
0.7071067811865235
0.5555702330196293
-0.9238795325112749
-0.19509032201615717
1.0
-0.19509032201610238
-0.9238795325112963
0.5555702330195829
0.707106781186563
-0.8314696123025339
-0.3826834323651071
0.9807852804032271
1.569033456436424e-14
-0.9807852804032332
0.3826834323650781
0.8314696123025515
-0.7071067811865408
-0.555570233019609
0.9238795325112843
0.19509032201613313
-1.0
0.1950903220161264
0.9238795325112868
-0.5555702330196032
-0.7071067811865456
0.8314696123025476
0.38268343236508445
-0.9807852804032319
8.808791224948707e-15
0.9807852804032284
-0.3826834323651007
-0.8314696123025378
0.7071067811865581
0.5555702330195885
-0.9238795325112936
-0.19509032201610912
1.0
-0.19509032201615042
-0.9238795325112775
0.5555702330196235
0.7071067811865283
-0.8314696123025612
-0.3826834323650618
0.9807852804032366
8.037892070735438e-14
-0.9807852804032237
0.38268343236501834
0.8314696123025241
-0.7071067811864951
-0.5555702330195682
0.9238795325112595
0.1950903220160851
-1.0
0.19509032201617446
0.9238795325113116
-0.5555702330196439
-0.7071067811865914
0.8314696123025748
0.38268343236514424
-0.9807852804032414
-5.587979491804143e-14
0.9807852804032189
-0.382683432365041
-0.8314696123025106
0.7071067811865124
0.5555702330195478
-0.9238795325112689
-0.19509032201606105
1.0
-0.19509032201619847
-0.9238795325113023
0.5555702330196642
0.707106781186574
-0.8314696123025884
-0.3826834323651216
0.9807852804032462
3.138066912872848e-14
-0.9807852804032584
0.38268343236506364
0.8314696123026233
-0.7071067811865297
-0.5555702330197164
0.9238795325112783
0.19509032201626003
-1.0
0.1950903220159995
0.923879532511293
-0.5555702330194956
-0.7071067811865567
0.8314696123024757
0.38268343236509894
-0.9807852804032067
-6.881543339415536e-15
0.9807852804032536
-0.38268343236508623
-0.8314696123026096
0.707106781186547
0.5555702330196961
-0.9238795325112876
-0.195090322016236
1.0
-0.19509032201602353
-0.9238795325112835
0.555570233019516
0.7071067811865395
-0.8314696123024893
-0.38268343236507635
0.9807852804032114
-1.7617582449897413e-14
-0.9807852804032489
0.3826834323651089
0.8314696123025961
-0.7071067811865643
-0.5555702330196757
0.9238795325112971
0.195090322016212
-1.0
0.19509032201604756
0.9238795325112742
-0.5555702330195363
-0.707106781186522
0.8314696123025029
0.3826834323650537
-0.9807852804032162
4.211670823921036e-14
0.9807852804032441
-0.3826834323651315
-0.8314696123025824
0.7071067811865817
0.5555702330196554
-0.9238795325113064
-0.19509032201618795
1.0
-0.1950903220160716
-0.9238795325112648
0.5555702330195567
0.7071067811865047
-0.8314696123025165
-0.38268343236503105
0.980785280403221
1.6075784141470876e-13
-0.9807852804032837
0.3826834323651541
0.8314696123025688
-0.7071067811864382
-0.555570233019824
0.9238795325113157
0.19509032201616391
-1.0
0.19509032201587262
0.9238795325112554
-0.5555702330195771
-0.7071067811866482
0.8314696123024038
0.3826834323650084
-0.9807852804032258
-1.362587156253958e-13
0.980785280403279
-0.38268343236517677
-0.8314696123025552
0.7071067811864555
0.5555702330198037
-0.9238795325113252
-0.1950903220161399
1.0
-0.19509032201589663
-0.923879532511246
0.5555702330195975
0.7071067811866308
-0.8314696123024174
-0.3826834323649858
0.9807852804032305
1.1175958983608286e-13
-0.9807852804032742
0.3826834323651994
0.8314696123025416
-0.7071067811864729
-0.5555702330197833
0.9238795325113345
0.19509032201611587
-1.0
0.19509032201592066
0.9238795325112367
-0.5555702330196178
-0.7071067811866135
0.8314696123024311
0.38268343236496316
-0.9807852804032353
-8.726046404676991e-14
0.9807852804032694
-0.38268343236522206
-0.831469612302528
0.7071067811864902
0.5555702330197629
-0.9238795325113439
-0.19509032201609183
1.0
-0.1950903220159447
-0.9238795325112272
0.5555702330196381
0.7071067811865962
-0.8314696123024446
-0.3826834323649405
0.9807852804032401